 ID        Timestamp_RX        Timestamp_TX  Delay   Jitter
 12 1739130260010995690 1739130260010962701  32989      0.0
 13 1739130260011990392 1739130260011958531  31861   1128.0
 14 1739130260012990679 1739130260012959288  31391    470.0
 15 1739130260013997597 1739130260013965611  31986    595.0
 16 1739130260015002579 1739130260014971340  31239    747.0
 17 1739130260015998046 1739130260015965020  33026   1787.0
 18 1739130260016997148 1739130260016962885  34263   1237.0
 19 1739130260017998060 1739130260017963897  34163    100.0
 20 1739130260018991602 1739130260018958821  32781   1382.0
 21 1739130260019996950 1739130260019963540  33410    629.0
 22 1739130260021123221 1739130260020961097 162124 128714.0
 23 1739130260021998441 1739130260021961979  36462 125662.0
 24 1739130260022994743 1739130260022959972  34771   1691.0
 25 1739130260023992424 1739130260023960956  31468   3303.0
 26 1739130260024992923 1739130260024960080  32843   1375.0
 27 1739130260025993221 1739130260025960915  32306    537.0
 28 1739130260026998489 1739130260026961024  37465   5159.0
 29 1739130260027993354 1739130260027960105  33249   4216.0
 30 1739130260028994726 1739130260028961542  33184     65.0
 31 1739130260029997786 1739130260029962752  35034   1850.0
 32 1739130260030993855 1739130260030961201  32654   2380.0
 33 1739130260031991249 1739130260031957911  33338    684.0
 34 1739130260032976231 1739130260032929316  46915  13577.0
 35 1739130260033998559 1739130260033964731  33828  13087.0
 36 1739130260034996241 1739130260034960287  35954   2126.0
 37 1739130260035993523 1739130260035962071  31452   4502.0
 38 1739130260036997427 1739130260036962324  35103   3651.0
 39 1739130260037994747 1739130260037962204  32543   2560.0
 40 1739130260038995521 1739130260038960754  34767   2224.0
 41 1739130260039995051 1739130260039964549  30502   4265.0
 42 1739130260041009373 1739130260040970885  38488   7986.0
 43 1739130260041990851 1739130260041959736  31115   7373.0
 44 1739130260042998251 1739130260042959694  38557   7442.0
 45 1739130260043993699 1739130260043960692  33007   5550.0
 46 1739130260044993331 1739130260044958461  34870   1863.0
 47 1739130260045992518 1739130260045958406  34112    758.0
 49 1739130260047992129 1739130260047958323  33806    306.0
 50 1739130260048993577 1739130260048961503  32074   1732.0
 51 1739130260050002595 1739130260049962602  39993   7919.0
 52 1739130260050992301 1739130260050961268  31033   8960.0
 53 1739130260051995504 1739130260051961223  34281   3248.0
 54 1739130260052995226 1739130260052964151  31075   3206.0
 55 1739130260053996826 1739130260053962349  34477   3402.0
 56 1739130260054991090 1739130260054960589  30501   3976.0
 57 1739130260055992727 1739130260055958273  34454   3953.0
 58 1739130260056990964 1739130260056959415  31549   2905.0
 59 1739130260057993302 1739130260057959045  34257   2708.0
 60 1739130260058990506 1739130260058958863  31643   2614.0
 61 1739130260059993676 1739130260059958746  34930   3287.0
 62 1739130260060989475 1739130260060958668  30807   4123.0
 63 1739130260061997587 1739130260061959259  38328   7521.0
 64 1739130260062992926 1739130260062963001  29925   8403.0
 65 1739130260063996016 1739130260063960237  35779   5854.0
 66 1739130260064999727 1739130260064966121  33606   2173.0
 67 1739130260066000077 1739130260065964537  35540   1934.0
 68 1739130260066996568 1739130260066964735  31833   3707.0
 69 1739130260067996534 1739130260067962647  33887   2054.0
 70 1739130260068998890 1739130260068961305  37585   3698.0
 71 1739130260069998389 1739130260069958050  40339   2754.0
 72 1739130260070990163 1739130260070956579  33584   6755.0
 73 1739130260071996757 1739130260071957088  39669   6085.0
 74 1739130260072993936 1739130260072957947  35989   3680.0
 75 1739130260074001074 1739130260073960815  40259   4270.0
 76 1739130260074994013 1739130260074957900  36113   4146.0
 77 1739130260075993663 1739130260075957683  35980    133.0
 78 1739130260076991414 1739130260076957876  33538   2442.0
 79 1739130260078000592 1739130260077959831  40761   7223.0
 80 1739130260078997587 1739130260078959374  38213   2548.0
 81 1739130260079992962 1739130260079957851  35111   3102.0
 82 1739130260080996963 1739130260080958472  38491   3380.0
 83 1739130260081997650 1739130260081960213  37437   1054.0
 84 1739130260082996030 1739130260082958153  37877    440.0
 85 1739130260083992931 1739130260083957954  34977   2900.0
 86 1739130260084998220 1739130260084959693  38527   3550.0
 87 1739130260085991037 1739130260085957567  33470   5057.0
 88 1739130260086995316 1739130260086957741  37575   4105.0
 89 1739130260087992531 1739130260087957653  34878   2697.0
 90 1739130260088996149 1739130260088958098  38051   3173.0
 91 1739130260089992689 1739130260089959400  33289   4762.0
 92 1739130260091001215 1739130260090960783  40432   7143.0
 93 1739130260091995045 1739130260091960016  35029   5403.0
 94 1739130260092999275 1739130260092959845  39430   4401.0
 95 1739130260093993018 1739130260093958299  34719   4711.0
 96 1739130260094995606 1739130260094958318  37288   2569.0
 97 1739130260095991299 1739130260095956861  34438   2850.0
 98 1739130260096993704 1739130260096956254  37450   3012.0
 99 1739130260097993710 1739130260097959019  34691   2759.0
100 1739130260098995827 1739130260098959103  36724   2033.0
101 1739130260099996270 1739130260099961476  34794   1930.0
102 1739130260100997563 1739130260100960287  37276   2482.0
103 1739130260101993521 1739130260101957729  35792   1484.0
104 1739130260102995388 1739130260102958944  36444    652.0
105 1739130260103992789 1739130260103959257  33532   2912.0
106 1739130260104994062 1739130260104957899  36163   2631.0
107 1739130260105996038 1739130260105958860  37178   1015.0
108 1739130260106999761 1739130260106959635  40126   2948.0
109 1739130260107995593 1739130260107959047  36546   3580.0
110 1739130260108997537 1739130260108958378  39159   2613.0
111 1739130260109993534 1739130260109956838  36696   2463.0
112 1739130260110993989 1739130260110956372  37617    921.0
113 1739130260111993340 1739130260111957281  36059   1558.0
114 1739130260112996869 1739130260112957099  39770   3711.0
115 1739130260113990578 1739130260113956514  34064   5706.0
116 1739130260114997515 1739130260114958440  39075   5011.0
117 1739130260115991820 1739130260115957651  34169   4906.0
118 1739130260116995939 1739130260116959105  36834   2665.0
119 1739130260117995796 1739130260117960551  35245   1589.0
120 1739130260118995569 1739130260118958189  37380   2135.0
121 1739130260119991034 1739130260119957790  33244   4136.0
122 1739130260120991581 1739130260120956370  35211   1967.0
123 1739130260121997113 1739130260121960470  36643   1432.0
124 1739130260122993308 1739130260122958479  34829   1814.0
125 1739130260124138858 1739130260123961763 177095 142266.0
126 1739130260124994348 1739130260124960674  33674 143421.0
127 1739130260125977421 1739130260125938509  38912   5238.0
128 1739130260126991991 1739130260126960659  31332   7580.0
129 1739130260127991179 1739130260127958411  32768   1436.0
130 1739130260128990921 1739130260128957542  33379    611.0
131 1739130260129991591 1739130260129957251  34340    961.0
132 1739130260130998757 1739130260130957501  41256   6916.0
133 1739130260131990924 1739130260131958140  32784   8472.0
134 1739130260132989979 1739130260132957847  32132    652.0
135 1739130260133993433 1739130260133958233  35200   3068.0
136 1739130260134999719 1739130260134967382  32337   2863.0
137 1739130260135992943 1739130260135958731  34212   1875.0
138 1739130260136991515 1739130260136958341  33174   1038.0
139 1739130260137992900 1739130260137959287  33613    439.0
140 1739130260138993609 1739130260138958698  34911   1298.0
141 1739130260139991455 1739130260139956807  34648    263.0
142 1739130260140991010 1739130260140958069  32941   1707.0
143 1739130260141992364 1739130260141958148  34216   1275.0
144 1739130260142994250 1739130260142957657  36593   2377.0
145 1739130260143991512 1739130260143957354  34158   2435.0
146 1739130260144977257 1739130260144926721  50536  16378.0
147 1739130260145992609 1739130260145957241  35368  15168.0
148 1739130260146993283 1739130260146960476  32807   2561.0
149 1739130260147986098 1739130260147945472  40626   7819.0
150 1739130260148977243 1739130260148921690  55553  14927.0
151 1739130260149990418 1739130260149957033  33385  22168.0
152 1739130260150989846 1739130260150956484  33362     23.0
153 1739130260151990202 1739130260151956943  33259    103.0
154 1739130260152989406 1739130260152957394  32012   1247.0
155 1739130260153989793 1739130260153957987  31806    206.0
156 1739130260154985263 1739130260154927926  57337  25531.0
157 1739130260155996209 1739130260155960400  35809  21528.0
158 1739130260156993445 1739130260156959647  33798   2011.0
159 1739130260157994841 1739130260157959808  35033   1235.0
160 1739130260158994345 1739130260158959742  34603    430.0
161 1739130260159993604 1739130260159959276  34328    275.0
162 1739130260160993461 1739130260160958875  34586    258.0
163 1739130260161998005 1739130260161958373  39632   5046.0
164 1739130260162992814 1739130260162957788  35026   4606.0
165 1739130260163994799 1739130260163959846  34953     73.0
166 1739130260164993130 1739130260164959573  33557   1396.0
167 1739130260165990720 1739130260165957234  33486     71.0
168 1739130260166989934 1739130260166957467  32467   1019.0
169 1739130260167992192 1739130260167957765  34427   1960.0
170 1739130260168991271 1739130260168957549  33722    705.0
171 1739130260169990265 1739130260169957335  32930    792.0
172 1739130260170993128 1739130260170959847  33281    351.0
173 1739130260171990243 1739130260171957524  32719    562.0
174 1739130260172989754 1739130260172957201  32553    166.0
175 1739130260173990410 1739130260173957212  33198    645.0
176 1739130260174990808 1739130260174957136  33672    474.0
177 1739130260175990451 1739130260175957116  33335    337.0
178 1739130260176989322 1739130260176957377  31945   1390.0
179 1739130260177990020 1739130260177957101  32919    974.0
180 1739130260178989186 1739130260178957270  31916   1003.0
181 1739130260179989377 1739130260179957096  32281    365.0
182 1739130260180991466 1739130260180958893  32573    292.0
183 1739130260181991487 1739130260181958670  32817    244.0
184 1739130260182989288 1739130260182957304  31984    833.0
185 1739130260183990048 1739130260183957368  32680    696.0
186 1739130260184990965 1739130260184957360  33605    925.0
187 1739130260185989556 1739130260185957220  32336   1269.0
188 1739130260186989485 1739130260186957176  32309     27.0
189 1739130260187989820 1739130260187957273  32547    238.0
190 1739130260188990135 1739130260188957638  32497     50.0
191 1739130260189989455 1739130260189957234  32221    276.0
192 1739130260190990415 1739130260190957377  33038    817.0
193 1739130260191989822 1739130260191957268  32554    484.0
194 1739130260192988111 1739130260192956331  31780    774.0
195 1739130260194000406 1739130260193968123  32283    503.0
196 1739130260194990606 1739130260194958730  31876    407.0
197 1739130260195988043 1739130260195955970  32073    197.0
198 1739130260196986192 1739130260196956049  30143   1930.0
199 1739130260197988588 1739130260197957487  31101    958.0
200 1739130260198987432 1739130260198957477  29955   1146.0
201 1739130260199988449 1739130260199955904  32545   2590.0
202 1739130260200977090 1739130260200918760  58330  25785.0
203 1739130260201991296 1739130260201957925  33371  24959.0
204 1739130260202991624 1739130260202958084  33540    169.0
205 1739130260203992677 1739130260203959344  33333    207.0
206 1739130260204995519 1739130260204961005  34514   1181.0
207 1739130260205991751 1739130260205957497  34254    260.0
208 1739130260206993281 1739130260206959235  34046    208.0
209 1739130260207992840 1739130260207958745  34095     49.0
210 1739130260208992921 1739130260208957710  35211   1116.0
211 1739130260209997260 1739130260209957530  39730   4519.0
212 1739130260210991326 1739130260210957056  34270   5460.0
213 1739130260211993263 1739130260211958852  34411    141.0
214 1739130260212994829 1739130260212960969  33860    551.0
215 1739130260213993038 1739130260213959574  33464    396.0
216 1739130260214993953 1739130260214959940  34013    549.0
217 1739130260215991758 1739130260215958149  33609    404.0
218 1739130260216991830 1739130260216958792  33038    571.0
219 1739130260217991788 1739130260217958559  33229    191.0
220 1739130260218996912 1739130260218960192  36720   3491.0
221 1739130260219992631 1739130260219958853  33778   2942.0
222 1739130260220994936 1739130260220960340  34596    818.0
223 1739130260221991124 1739130260221957991  33133   1463.0
224 1739130260222988693 1739130260222956699  31994   1139.0
225 1739130260223994342 1739130260223960092  34250   2256.0
226 1739130260224995638 1739130260224960799  34839    589.0
227 1739130260225992292 1739130260225957939  34353    486.0
228 1739130260226990436 1739130260226957531  32905   1448.0
229 1739130260227988288 1739130260227956466  31822   1083.0
230 1739130260228990999 1739130260228957678  33321   1499.0
231 1739130260229994277 1739130260229960789  33488    167.0
232 1739130260230992951 1739130260230960126  32825    663.0
233 1739130260231991310 1739130260231958410  32900     75.0
234 1739130260232991385 1739130260232957857  33528    628.0
235 1739130260233992309 1739130260233958645  33664    136.0
236 1739130260234990678 1739130260234957400  33278    386.0
237 1739130260235989849 1739130260235958063  31786   1492.0
238 1739130260236990612 1739130260236957344  33268   1482.0
239 1739130260237991150 1739130260237957941  33209     59.0
240 1739130260238992809 1739130260238958500  34309   1100.0
241 1739130260239994546 1739130260239961007  33539    770.0
242 1739130260240990868 1739130260240957847  33021    518.0
243 1739130260241993753 1739130260241958871  34882   1861.0
244 1739130260242997143 1739130260242958080  39063   4181.0
245 1739130260243999565 1739130260243961178  38387    676.0
246 1739130260244993669 1739130260244960054  33615   4772.0
247 1739130260245990813 1739130260245957426  33387    228.0
248 1739130260246976937 1739130260246917997  58940  25553.0
249 1739130260247992895 1739130260247959255  33640  25300.0
250 1739130260248989273 1739130260248958291  30982   2658.0
251 1739130260249988544 1739130260249957619  30925     57.0
252 1739130260250989301 1739130260250958219  31082    157.0
253 1739130260251988861 1739130260251958289  30572    510.0
254 1739130260252988951 1739130260252958434  30517     55.0
255 1739130260253990236 1739130260253959753  30483     34.0
256 1739130260254989481 1739130260254957618  31863   1380.0
257 1739130260255976643 1739130260255923901  52742  20879.0
258 1739130260256990379 1739130260256957761  32618  20124.0
259 1739130260257975490 1739130260257930329  45161  12543.0
260 1739130260258986934 1739130260258956364  30570  14591.0
261 1739130260259990372 1739130260259958038  32334   1764.0
262 1739130260260989842 1739130260260957333  32509    175.0
263 1739130260261989599 1739130260261957705  31894    615.0
264 1739130260262988985 1739130260262957777  31208    686.0
265 1739130260263990657 1739130260263957577  33080   1872.0
266 1739130260264999628 1739130260264968900  30728   2352.0
267 1739130260265988436 1739130260265958093  30343    385.0
268 1739130260266988217 1739130260266957798  30419     76.0
269 1739130260268012278 1739130260267957928  54350  23931.0
270 1739130260268990854 1739130260268959828  31026  23324.0
271 1739130260269989367 1739130260269959769  29598   1428.0
272 1739130260270989380 1739130260270959475  29905    307.0
273 1739130260271989631 1739130260271959702  29929     24.0
274 1739130260272988673 1739130260272957749  30924    995.0
275 1739130260273988744 1739130260273957725  31019     95.0
276 1739130260274987356 1739130260274956690  30666    353.0
277 1739130260275989113 1739130260275959007  30106    560.0
278 1739130260276989635 1739130260276958912  30723    617.0
279 1739130260277991192 1739130260277959181  32011   1288.0
280 1739130260278989955 1739130260278957912  32043     32.0
281 1739130260279991559 1739130260279960837  30722   1321.0
282 1739130260280990828 1739130260280958098  32730   2008.0
283 1739130260281991247 1739130260281957678  33569    839.0
284 1739130260282990124 1739130260282957521  32603    966.0
285 1739130260283991987 1739130260283958140  33847   1244.0
286 1739130260284991140 1739130260284958319  32821   1026.0
287 1739130260285989897 1739130260285958025  31872    949.0
288 1739130260286989693 1739130260286960043  29650   2222.0
289 1739130260287990860 1739130260287959290  31570   1920.0
290 1739130260288993622 1739130260288961400  32222    652.0
291 1739130260289991356 1739130260289957702  33654   1432.0
292 1739130260290989005 1739130260290957734  31271   2383.0
293 1739130260291993732 1739130260291960297  33435   2164.0
294 1739130260292992763 1739130260292961596  31167   2268.0
295 1739130260293991057 1739130260293959716  31341    174.0
296 1739130260294992321 1739130260294961457  30864    477.0
297 1739130260295990181 1739130260295958360  31821    957.0
298 1739130260296990773 1739130260296958145  32628    807.0
299 1739130260297986223 1739130260297956710  29513   3115.0
300 1739130260298988103 1739130260298958046  30057    544.0
301 1739130260299990647 1739130260299959991  30656    599.0
302 1739130260300992041 1739130260300960792  31249    593.0
303 1739130260301992369 1739130260301959533  32836   1587.0
304 1739130260302989857 1739130260302959626  30231   2605.0
305 1739130260303991513 1739130260303959653  31860   1629.0
306 1739130260304990655 1739130260304960620  30035   1825.0
307 1739130260305989056 1739130260305959250  29806    229.0
308 1739130260306988609 1739130260306958100  30509    703.0
309 1739130260307986822 1739130260307956660  30162    347.0
310 1739130260308987096 1739130260308956211  30885    723.0
311 1739130260309987272 1739130260309957170  30102    783.0
312 1739130260310989195 1739130260310958480  30715    613.0
313 1739130260311987160 1739130260311956551  30609    106.0
314 1739130260312989855 1739130260312959226  30629     20.0
315 1739130260313987533 1739130260313957924  29609   1020.0
316 1739130260314988258 1739130260314957980  30278    669.0
317 1739130260316001858 1739130260315967840  34018   3740.0
318 1739130260316992860 1739130260316959513  33347    671.0
319 1739130260317989973 1739130260317957190  32783    564.0
320 1739130260318992086 1739130260318957781  34305   1522.0
321 1739130260319990463 1739130260319957512  32951   1354.0
322 1739130260320990451 1739130260320957369  33082    131.0
323 1739130260321990135 1739130260321956674  33461    379.0
324 1739130260322990823 1739130260322957466  33357    104.0
325 1739130260323992005 1739130260323958296  33709    352.0
326 1739130260324990962 1739130260324957631  33331    378.0
327 1739130260325991870 1739130260325957890  33980    649.0
328 1739130260326990389 1739130260326957718  32671   1309.0
329 1739130260327989963 1739130260327957504  32459    212.0
330 1739130260328989035 1739130260328955978  33057    598.0
331 1739130260329976117 1739130260329925207  50910  17853.0
332 1739130260330998327 1739130260330964534  33793  17117.0
333 1739130260331988811 1739130260331956406  32405   1388.0
334 1739130260332991651 1739130260332956609  35042   2637.0
335 1739130260334002407 1739130260333965654  36753   1711.0
336 1739130260334989775 1739130260334956919  32856   3897.0
337 1739130260335991187 1739130260335957082  34105   1249.0
338 1739130260336991702 1739130260336959712  31990   2115.0
339 1739130260337986322 1739130260337956187  30135   1855.0
340 1739130260338991273 1739130260338959367  31906   1771.0
341 1739130260339988661 1739130260339956909  31752    154.0
342 1739130260340990689 1739130260340959673  31016    736.0
343 1739130260341994231 1739130260341961143  33088   2072.0
344 1739130260342993136 1739130260342957852  35284   2196.0
345 1739130260343990093 1739130260343957703  32390   2894.0
346 1739130260344990754 1739130260344957157  33597   1207.0
347 1739130260345990012 1739130260345957901  32111   1486.0
348 1739130260346991639 1739130260346957105  34534   2423.0
349 1739130260347992081 1739130260347959231  32850   1684.0
350 1739130260348988330 1739130260348956332  31998    852.0
351 1739130260349988830 1739130260349957343  31487    511.0
352 1739130260350987204 1739130260350955996  31208    279.0
353 1739130260351991793 1739130260351959652  32141    933.0
354 1739130260352990975 1739130260352958554  32421    280.0
355 1739130260353986811 1739130260353956098  30713   1708.0
356 1739130260354987946 1739130260354956873  31073    360.0
357 1739130260355993092 1739130260355956182  36910   5837.0
358 1739130260357004227 1739130260356968974  35253   1657.0
359 1739130260357996049 1739130260357958183  37866   2613.0
360 1739130260358989932 1739130260358956817  33115   4751.0
361 1739130260359990614 1739130260359957050  33564    449.0
362 1739130260360989974 1739130260360956116  33858    294.0
363 1739130260361990837 1739130260361956669  34168    310.0
364 1739130260362993408 1739130260362958765  34643    475.0
365 1739130260363989330 1739130260363956830  32500   2143.0
366 1739130260364990381 1739130260364956775  33606   1106.0
367 1739130260365994992 1739130260365960720  34272    666.0
368 1739130260366993306 1739130260366960075  33231   1041.0
369 1739130260367991135 1739130260367956828  34307   1076.0
370 1739130260368993545 1739130260368959848  33697    610.0
371 1739130260369992844 1739130260369960292  32552   1145.0
372 1739130260370993426 1739130260370960434  32992    440.0
373 1739130260371995197 1739130260371959882  35315   2323.0
374 1739130260372997501 1739130260372961593  35908    593.0
375 1739130260374003548 1739130260373964878  38670   2762.0
376 1739130260375001167 1739130260374964571  36596   2074.0
377 1739130260375998477 1739130260375964659  33818   2778.0
378 1739130260376997486 1739130260376963528  33958    140.0
379 1739130260377999408 1739130260377966156  33252    706.0
380 1739130260378992583 1739130260378960687  31896   1356.0
381 1739130260379991341 1739130260379959520  31821     75.0
382 1739130260380992597 1739130260380959900  32697    876.0
383 1739130260381991110 1739130260381957124  33986   1289.0
384 1739130260383002821 1739130260382968213  34608    622.0
385 1739130260383992152 1739130260383958635  33517   1091.0
386 1739130260384994714 1739130260384962921  31793   1724.0
387 1739130260385996386 1739130260385960360  36026   4233.0
388 1739130260386992416 1739130260386958415  34001   2025.0
389 1739130260387990022 1739130260387957942  32080   1921.0
390 1739130260388990107 1739130260388957852  32255    175.0
391 1739130260389990171 1739130260389958546  31625    630.0
392 1739130260390990982 1739130260390958542  32440    815.0
393 1739130260391989540 1739130260391958113  31427   1013.0
394 1739130260392992530 1739130260392960108  32422    995.0
395 1739130260393989525 1739130260393957441  32084    338.0
396 1739130260394987923 1739130260394957103  30820   1264.0
397 1739130260395983642 1739130260395928814  54828  24008.0
398 1739130260396995013 1739130260396960669  34344  20484.0
399 1739130260397992784 1739130260397958449  34335      9.0
400 1739130260398991979 1739130260398958052  33927    408.0
401 1739130260399990469 1739130260399956519  33950     23.0
402 1739130260400983622 1739130260400919977  63645  29695.0
403 1739130260401992077 1739130260401958141  33936  29709.0
404 1739130260402990075 1739130260402957819  32256   1680.0
405 1739130260403985192 1739130260403927785  57407  25151.0
406 1739130260404993756 1739130260404960045  33711  23696.0
407 1739130260405994007 1739130260405960789  33218    493.0
408 1739130260406995014 1739130260406959374  35640   2422.0
409 1739130260407994279 1739130260407958700  35579     61.0
410 1739130260408993498 1739130260408957837  35661     82.0
411 1739130260409991031 1739130260409956595  34436   1225.0
412 1739130260410994802 1739130260410959124  35678   1242.0
413 1739130260411993676 1739130260411958529  35147    531.0
414 1739130260412992580 1739130260412958119  34461    686.0
415 1739130260413997119 1739130260413960313  36806   2345.0
416 1739130260414995006 1739130260414962087  32919   3887.0
417 1739130260415998662 1739130260415962454  36208   3289.0
418 1739130260416997468 1739130260416966359  31109   5099.0
419 1739130260417993712 1739130260417959768  33944   2835.0
420 1739130260418995540 1739130260418960601  34939    995.0
421 1739130260419982016 1739130260419948565  33451   1488.0
422 1739130260420988197 1739130260420956753  31444   2007.0
423 1739130260421989875 1739130260421957003  32872   1428.0
424 1739130260422983010 1739130260422936627  46383  13511.0
425 1739130260423990523 1739130260423957317  33206  13177.0
426 1739130260424991956 1739130260424957666  34290   1084.0
427 1739130260425995773 1739130260425960874  34899    609.0
428 1739130260426993827 1739130260426957384  36443   1544.0
429 1739130260427997742 1739130260427961756  35986    457.0
430 1739130260428993274 1739130260428959756  33518   2468.0
431 1739130260429993908 1739130260429960410  33498     20.0
432 1739130260430992497 1739130260430959589  32908    590.0
433 1739130260431993421 1739130260431958923  34498   1590.0
434 1739130260432993695 1739130260432959219  34476     22.0
435 1739130260433992649 1739130260433958111  34538     62.0
436 1739130260434999701 1739130260434959369  40332   5794.0
437 1739130260435994003 1739130260435960668  33335   6997.0
438 1739130260436981724 1739130260436918017  63707  30372.0
439 1739130260437989981 1739130260437957163  32818  30889.0
440 1739130260438990157 1739130260438958128  32029    789.0
441 1739130260439993570 1739130260439959733  33837   1808.0
442 1739130260440987801 1739130260440955782  32019   1818.0
443 1739130260441995949 1739130260441957070  38879   6860.0
444 1739130260442993609 1739130260442956386  37223   1656.0
445 1739130260443990212 1739130260443958513  31699   5524.0
446 1739130260444992995 1739130260444960454  32541    842.0
447 1739130260445988112 1739130260445956498  31614    927.0
448 1739130260446991322 1739130260446959683  31639     25.0
449 1739130260447989084 1739130260447956887  32197    558.0
450 1739130260448990668 1739130260448959768  30900   1297.0
451 1739130260449989342 1739130260449957747  31595    695.0
452 1739130260451005090 1739130260450958999  46091  14496.0
453 1739130260451991914 1739130260451958964  32950  13141.0
454 1739130260452985891 1739130260452956063  29828   3122.0
455 1739130260453987289 1739130260453957438  29851     23.0
456 1739130260454988051 1739130260454956823  31228   1377.0
457 1739130260455998453 1739130260455958873  39580   8352.0
458 1739130260456990458 1739130260456958557  31901   7679.0
459 1739130260457993048 1739130260457961375  31673    228.0
460 1739130260458990829 1739130260458959547  31282    391.0
461 1739130260459991136 1739130260459959569  31567    285.0
462 1739130260460988114 1739130260460956148  31966    399.0
463 1739130260461984011 1739130260461922876  61135  29169.0
464 1739130260462996065 1739130260462960060  36005  25130.0
465 1739130260463994788 1739130260463959633  35155    850.0
466 1739130260464993722 1739130260464959477  34245    910.0
467 1739130260465990488 1739130260465957423  33065   1180.0
468 1739130260466995769 1739130260466960704  35065   2000.0
469 1739130260467990653 1739130260467958372  32281   2784.0
470 1739130260468990209 1739130260468958645  31564    717.0
471 1739130260469991153 1739130260469959716  31437    127.0
472 1739130260470993243 1739130260470959171  34072   2635.0
473 1739130260471988234 1739130260471957784  30450   3622.0
474 1739130260472981135 1739130260472944362  36773   6323.0
475 1739130260473991479 1739130260473958674  32805   3968.0
476 1739130260474991679 1739130260474957954  33725    920.0
477 1739130260475998443 1739130260475962320  36123   2398.0
478 1739130260476991695 1739130260476958906  32789   3334.0
479 1739130260477990337 1739130260477957902  32435    354.0
480 1739130260478988566 1739130260478956937  31629    806.0
481 1739130260479983761 1739130260479924481  59280  27651.0
482 1739130260480987575 1739130260480956688  30887  28393.0
483 1739130260481993042 1739130260481956784  36258   5371.0
484 1739130260482989800 1739130260482957910  31890   4368.0
485 1739130260483988290 1739130260483957729  30561   1329.0
486 1739130260484988666 1739130260484958736  29930    631.0
487 1739130260485987057 1739130260485956996  30061    131.0
488 1739130260486989503 1739130260486958899  30604    543.0
489 1739130260487990050 1739130260487958589  31461    857.0
490 1739130260488994936 1739130260488959059  35877   4416.0
491 1739130260489992445 1739130260489959911  32534   3343.0
492 1739130260490989976 1739130260490958690  31286   1248.0
493 1739130260491987086 1739130260491952442  34644   3358.0
494 1739130260492991191 1739130260492956570  34621     23.0
495 1739130260493999378 1739130260493966592  32786   1835.0
496 1739130260494989059 1739130260494956392  32667    119.0
497 1739130260495989973 1739130260495957343  32630     37.0
498 1739130260496992057 1739130260496960220  31837    793.0
499 1739130260497991231 1739130260497957677  33554   1717.0
500 1739130260498983520 1739130260498941295  42225   8671.0
501 1739130260499993654 1739130260499958710  34944   7281.0
502 1739130260500990052 1739130260500956386  33666   1278.0
503 1739130260501992217 1739130260501956167  36050   2384.0
504 1739130260502990402 1739130260502956823  33579   2471.0
505 1739130260503985010 1739130260503925816  59194  25615.0
506 1739130260504992679 1739130260504960893  31786  27408.0
507 1739130260505989182 1739130260505957148  32034    248.0
508 1739130260506989994 1739130260506957527  32467    433.0
509 1739130260507990539 1739130260507958988  31551    916.0
510 1739130260508992714 1739130260508959468  33246   1695.0
511 1739130260509989854 1739130260509959776  30078   3168.0
512 1739130260510992086 1739130260510959736  32350   2272.0
513 1739130260511993631 1739130260511961032  32599    249.0
514 1739130260512990044 1739130260512958348  31696    903.0
515 1739130260513989858 1739130260513957828  32030    334.0
516 1739130260514992931 1739130260514960094  32837    807.0
517 1739130260515989908 1739130260515958608  31300   1537.0
518 1739130260517003028 1739130260516970017  33011   1711.0
519 1739130260517996452 1739130260517962181  34271   1260.0
520 1739130260518992172 1739130260518957128  35044    773.0
521 1739130260519990831 1739130260519956292  34539    505.0
522 1739130260520990862 1739130260520957327  33535   1004.0
523 1739130260521994246 1739130260521960279  33967    432.0
524 1739130260522991989 1739130260522959239  32750   1217.0
525 1739130260523991802 1739130260523958935  32867    117.0
526 1739130260524989662 1739130260524956950  32712    155.0
527 1739130260525992603 1739130260525961871  30732   1980.0
528 1739130260526992507 1739130260526961659  30848    116.0
529 1739130260527990692 1739130260527959894  30798     50.0
530 1739130260528991374 1739130260528960818  30556    242.0
531 1739130260529990456 1739130260529959004  31452    896.0
532 1739130260530982567 1739130260530950208  32359    907.0
533 1739130260531988521 1739130260531957579  30942   1417.0
534 1739130260532987424 1739130260532956793  30631    311.0
535 1739130260533990978 1739130260533958100  32878   2247.0
536 1739130260534991486 1739130260534958237  33249    371.0
537 1739130260535989692 1739130260535957824  31868   1381.0
538 1739130260536990215 1739130260536958569  31646    222.0
539 1739130260537990543 1739130260537955952  34591   2945.0
540 1739130260538991332 1739130260538957705  33627    964.0
541 1739130260539990502 1739130260539957383  33119    508.0
542 1739130260540989628 1739130260540957278  32350    769.0
543 1739130260541990154 1739130260541957867  32287     63.0
544 1739130260542992682 1739130260542957475  35207   2920.0
545 1739130260543988842 1739130260543957539  31303   3904.0
546 1739130260544989428 1739130260544957479  31949    646.0
547 1739130260545993041 1739130260545957417  35624   3675.0
548 1739130260546989390 1739130260546957357  32033   3591.0
549 1739130260547988590 1739130260547955973  32617    584.0
550 1739130260548993338 1739130260548958832  34506   1889.0
551 1739130260549988456 1739130260549956682  31774   2732.0
552 1739130260550991709 1739130260550959218  32491    717.0
553 1739130260551991546 1739130260551959909  31637    854.0
554 1739130260552990647 1739130260552959374  31273    364.0
555 1739130260553992175 1739130260553959200  32975   1702.0
556 1739130260554990596 1739130260554957670  32926     49.0
557 1739130260555989135 1739130260555956854  32281    645.0
558 1739130260556997768 1739130260556966608  31160   1121.0
559 1739130260557991801 1739130260557958684  33117   1957.0
560 1739130260558991895 1739130260558960121  31774   1343.0
561 1739130260559988708 1739130260559956129  32579    805.0
562 1739130260560988607 1739130260560957254  31353   1226.0
563 1739130260561991962 1739130260561957779  34183   2830.0
564 1739130260562982103 1739130260562935567  46536  12353.0
565 1739130260563998245 1739130260563962889  35356  11180.0
566 1739130260564991923 1739130260564959948  31975   3381.0
567 1739130260565987600 1739130260565956025  31575    400.0
568 1739130260566989273 1739130260566957086  32187    612.0
569 1739130260567990102 1739130260567958061  32041    146.0
570 1739130260568991532 1739130260568959836  31696    345.0
571 1739130260569988398 1739130260569956693  31705      9.0
572 1739130260570991423 1739130260570957664  33759   2054.0
573 1739130260571989691 1739130260571957628  32063   1696.0
574 1739130260572990255 1739130260572958159  32096     33.0
575 1739130260573989958 1739130260573957358  32600    504.0
576 1739130260574989897 1739130260574957482  32415    185.0
577 1739130260575990177 1739130260575956694  33483   1068.0
578 1739130260576993057 1739130260576959327  33730    247.0
579 1739130260577991180 1739130260577961398  29782   3948.0
580 1739130260578992687 1739130260578961827  30860   1078.0
581 1739130260579989969 1739130260579959549  30420    440.0
582 1739130260580993121 1739130260580957968  35153   4733.0
583 1739130260581992643 1739130260581960135  32508   2645.0
584 1739130260582989304 1739130260582960223  29081   3427.0
585 1739130260583988215 1739130260583957285  30930   1849.0
586 1739130260584992161 1739130260584961131  31030    100.0
587 1739130260585985662 1739130260585956244  29418   1612.0
588 1739130260586987561 1739130260586957539  30022    604.0
589 1739130260587987888 1739130260587957410  30478    456.0
590 1739130260588989845 1739130260588958909  30936    458.0
591 1739130260589989388 1739130260589959249  30139    797.0
592 1739130260590988308 1739130260590958479  29829    310.0
593 1739130260591987314 1739130260591957090  30224    395.0
594 1739130260592986171 1739130260592955893  30278     54.0
595 1739130260593995585 1739130260593965154  30431    153.0
596 1739130260594990471 1739130260594959918  30553    122.0
597 1739130260595989562 1739130260595959379  30183    370.0
598 1739130260596992466 1739130260596960252  32214   2031.0
599 1739130260597990645 1739130260597960717  29928   2286.0
600 1739130260598990519 1739130260598960288  30231    303.0
601 1739130260599988691 1739130260599958229  30462    231.0
602 1739130260600988938 1739130260600958702  30236    226.0
603 1739130260601990194 1739130260601958517  31677   1441.0
604 1739130260602991785 1739130260602961153  30632   1045.0
605 1739130260603990577 1739130260603957803  32774   2142.0
606 1739130260604988248 1739130260604956140  32108    666.0
607 1739130260605992648 1739130260605960110  32538    430.0
608 1739130260606988306 1739130260606956496  31810    728.0
609 1739130260607981457 1739130260607925641  55816  24006.0
610 1739130260608997027 1739130260608963509  33518  22298.0
611 1739130260609994797 1739130260609961434  33363    155.0
612 1739130260610991234 1739130260610958450  32784    579.0
613 1739130260611992575 1739130260611961263  31312   1472.0
614 1739130260612990011 1739130260612958032  31979    667.0
615 1739130260613991206 1739130260613958132  33074   1095.0
616 1739130260614989603 1739130260614957748  31855   1219.0
617 1739130260615991766 1739130260615958501  33265   1410.0
618 1739130260616997078 1739130260616964205  32873    392.0
619 1739130260617991596 1739130260617959401  32195    678.0
620 1739130260618982096 1739130260618942575  39521   7326.0
621 1739130260619994967 1739130260619962525  32442   7079.0
622 1739130260620988041 1739130260620957435  30606   1836.0
623 1739130260621995907 1739130260621962298  33609   3003.0
624 1739130260622993297 1739130260622962513  30784   2825.0
625 1739130260623991197 1739130260623958203  32994   2210.0
626 1739130260624991849 1739130260624959387  32462    532.0
627 1739130260625996987 1739130260625964975  32012    450.0
628 1739130260626988607 1739130260626956024  32583    571.0
629 1739130260627986252 1739130260627955843  30409   2174.0
630 1739130260628979841 1739130260628919912  59929  29520.0
631 1739130260630058358 1739130260629957623 100735  40806.0
632 1739130260630989493 1739130260630958742  30751  69984.0
633 1739130260631988588 1739130260631957029  31559    808.0
634 1739130260632994412 1739130260632962612  31800    241.0
635 1739130260633998230 1739130260633967067  31163    637.0
636 1739130260634987972 1739130260634955867  32105    942.0
637 1739130260635999954 1739130260635968425  31529    576.0
638 1739130260636981508 1739130260636931392  50116  18587.0
639 1739130260637982842 1739130260637937759  45083   5033.0
640 1739130260638991836 1739130260638960976  30860  14223.0
641 1739130260639990365 1739130260639957409  32956   2096.0
642 1739130260640993973 1739130260640961035  32938     18.0
643 1739130260641991378 1739130260641957925  33453    515.0
644 1739130260642996140 1739130260642960390  35750   2297.0
645 1739130260643992406 1739130260643959251  33155   2595.0
646 1739130260644991081 1739130260644958619  32462    693.0
647 1739130260645991952 1739130260645959710  32242    220.0
648 1739130260646991338 1739130260646959580  31758    484.0
649 1739130260647990056 1739130260647957884  32172    414.0
650 1739130260648991790 1739130260648959979  31811    361.0
651 1739130260649993489 1739130260649960718  32771    960.0
652 1739130260650991077 1739130260650959763  31314   1457.0
653 1739130260651993011 1739130260651961092  31919    605.0
654 1739130260652991554 1739130260652959682  31872     47.0
655 1739130260653992895 1739130260653959957  32938   1066.0
656 1739130260654996313 1739130260654966760  29553   3385.0
657 1739130260655991581 1739130260655957473  34108   4555.0
658 1739130260656992233 1739130260656959081  33152    956.0
659 1739130260658000256 1739130260657968239  32017   1135.0
660 1739130260658993402 1739130260658960556  32846    829.0
661 1739130260659999092 1739130260659961204  37888   5042.0
662 1739130260660988084 1739130260660957542  30542   7346.0
663 1739130260661991806 1739130260661958687  33119   2577.0
664 1739130260662989882 1739130260662959195  30687   2432.0
665 1739130260663996826 1739130260663963377  33449   2762.0
666 1739130260664993270 1739130260664960652  32618    831.0
667 1739130260665990799 1739130260665957721  33078    460.0
668 1739130260666981166 1739130260666921092  60074  26996.0
669 1739130260667992393 1739130260667959513  32880  27194.0
670 1739130260668991773 1739130260668959411  32362    518.0
671 1739130260669992813 1739130260669960896  31917    445.0
672 1739130260670989401 1739130260670957786  31615    302.0
673 1739130260671991830 1739130260671961601  30229   1386.0
674 1739130260672990650 1739130260672959658  30992    763.0
675 1739130260673991156 1739130260673960108  31048     56.0
676 1739130260674989761 1739130260674958128  31633    585.0
677 1739130260675990315 1739130260675958109  32206    573.0
678 1739130260676989736 1739130260676958112  31624    582.0
679 1739130260677992977 1739130260677959968  33009   1385.0
680 1739130260678999939 1739130260678964186  35753   2744.0
681 1739130260679999459 1739130260679958646  40813   5060.0
682 1739130260680997532 1739130260680960293  37239   3574.0
683 1739130260681995711 1739130260681958711  37000    239.0
684 1739130260682987040 1739130260682957147  29893   7107.0
685 1739130260683988889 1739130260683956750  32139   2246.0
686 1739130260684987780 1739130260684956547  31233    906.0
687 1739130260685987006 1739130260685957332  29674   1559.0
688 1739130260686989143 1739130260686956520  32623   2949.0
689 1739130260687986416 1739130260687955764  30652   1971.0
690 1739130260688985888 1739130260688955920  29968    684.0
691 1739130260689997984 1739130260689956709  41275  11307.0
692 1739130260690988271 1739130260690956615  31656   9619.0
693 1739130260691988204 1739130260691956089  32115    459.0
694 1739130260692988948 1739130260692957191  31757    358.0
695 1739130260693987469 1739130260693956372  31097    660.0
696 1739130260694991790 1739130260694959901  31889    792.0
697 1739130260695988223 1739130260695957413  30810   1079.0
698 1739130260696986087 1739130260696955717  30370    440.0
699 1739130260697988061 1739130260697957005  31056    686.0
700 1739130260698986041 1739130260698956302  29739   1317.0
701 1739130260699989875 1739130260699956029  33846   4107.0
702 1739130260700990368 1739130260700956642  33726    120.0
703 1739130260701991712 1739130260701960229  31483   2243.0
704 1739130260702981083 1739130260702921983  59100  27617.0
705 1739130260703992061 1739130260703960400  31661  27439.0
706 1739130260704991441 1739130260704960032  31409    252.0
707 1739130260705991646 1739130260705959774  31872    463.0
708 1739130260706991482 1739130260706960837  30645   1227.0
709 1739130260707991365 1739130260707959581  31784   1139.0
710 1739130260708993193 1739130260708959654  33539   1755.0
711 1739130260709990811 1739130260709959681  31130   2409.0
712 1739130260710989742 1739130260710958330  31412    282.0
713 1739130260711990020 1739130260711958901  31119    293.0
714 1739130260712988171 1739130260712957899  30272    847.0
715 1739130260713993638 1739130260713961074  32564   2292.0
716 1739130260714989885 1739130260714958237  31648    916.0
717 1739130260715988365 1739130260715958109  30256   1392.0
718 1739130260716991040 1739130260716957419  33621   3365.0
719 1739130260717983896 1739130260717951649  32247   1374.0
720 1739130260718989241 1739130260718957539  31702    545.0
721 1739130260719987586 1739130260719956048  31538    164.0
722 1739130260720988072 1739130260720956239  31833    295.0
723 1739130260721990719 1739130260721956349  34370   2537.0
724 1739130260722989669 1739130260722956171  33498    872.0
725 1739130260723987379 1739130260723956262  31117   2381.0
726 1739130260724987542 1739130260724956006  31536    419.0
727 1739130260725987187 1739130260725956148  31039    497.0
728 1739130260726987075 1739130260726956059  31016     23.0
729 1739130260727988026 1739130260727956303  31723    707.0
730 1739130260728988934 1739130260728957083  31851    128.0
731 1739130260729987760 1739130260729956533  31227    624.0
732 1739130260730989063 1739130260730956502  32561   1334.0
733 1739130260731988957 1739130260731956289  32668    107.0
734 1739130260732984320 1739130260732927584  56736  24068.0
735 1739130260734002639 1739130260733973121  29518  27218.0
736 1739130260734990271 1739130260734957528  32743   3225.0
737 1739130260735981704 1739130260735944205  37499   4756.0
738 1739130260736981565 1739130260736929372  52193  14694.0
739 1739130260737994743 1739130260737960120  34623  17570.0
740 1739130260738996724 1739130260738964274  32450   2173.0
741 1739130260739992422 1739130260739959829  32593    143.0
742 1739130260741000383 1739130260740969512  30871   1722.0
743 1739130260742001555 1739130260741970380  31175    304.0
744 1739130260742990122 1739130260742957186  32936   1761.0
745 1739130260743993412 1739130260743960365  33047    111.0
746 1739130260744991237 1739130260744957782  33455    408.0
747 1739130260745990166 1739130260745958504  31662   1793.0
748 1739130260746991967 1739130260746958606  33361   1699.0
749 1739130260747989287 1739130260747957582  31705   1656.0
750 1739130260748992971 1739130260748961079  31892    187.0
751 1739130260749989657 1739130260749957850  31807     85.0
752 1739130260750987978 1739130260750958014  29964   1843.0
753 1739130260751987839 1739130260751956833  31006   1042.0
754 1739130260752981578 1739130260752921153  60425  29419.0
755 1739130260753989012 1739130260753957766  31246  29179.0
756 1739130260754991563 1739130260754957759  33804   2558.0
757 1739130260755990624 1739130260755957259  33365    439.0
758 1739130260756987265 1739130260756955781  31484   1881.0
759 1739130260757997766 1739130260757965722  32044    560.0
760 1739130260758992168 1739130260758959254  32914    870.0
761 1739130260759992409 1739130260759958734  33675    761.0
762 1739130260760991617 1739130260760959821  31796   1879.0
763 1739130260761994046 1739130260761960389  33657   1861.0
764 1739130260762997845 1739130260762965833  32012   1645.0
765 1739130260763988556 1739130260763956944  31612    400.0
766 1739130260764987708 1739130260764956782  30926    686.0
767 1739130260765987419 1739130260765956247  31172    246.0
768 1739130260766991168 1739130260766957586  33582   2410.0
769 1739130260767988480 1739130260767957795  30685   2897.0
770 1739130260768987449 1739130260768956612  30837    152.0
771 1739130260769993617 1739130260769956797  36820   5983.0
772 1739130260770987385 1739130260770956870  30515   6305.0
773 1739130260771986763 1739130260771956396  30367    148.0
774 1739130260772986881 1739130260772956405  30476    109.0
775 1739130260773980448 1739130260773922143  58305  27829.0
776 1739130260774989991 1739130260774957518  32473  25832.0
777 1739130260775990981 1739130260775959786  31195   1278.0
778 1739130260776991408 1739130260776960026  31382    187.0
779 1739130260777990921 1739130260777960188  30733    649.0
780 1739130260778990422 1739130260778959733  30689     44.0
781 1739130260779989845 1739130260779959923  29922    767.0
782 1739130260780994889 1739130260780963227  31662   1740.0
783 1739130260781993386 1739130260781960128  33258   1596.0
784 1739130260782990612 1739130260782958855  31757   1501.0
785 1739130260783991839 1739130260783958735  33104   1347.0
786 1739130260784995958 1739130260784966841  29117   3987.0
787 1739130260785989319 1739130260785957119  32200   3083.0
788 1739130260786993005 1739130260786960637  32368    168.0
789 1739130260787990016 1739130260787959245  30771   1597.0
790 1739130260788989430 1739130260788958414  31016    245.0
791 1739130260789989195 1739130260789957105  32090   1074.0
792 1739130260790987649 1739130260790956378  31271    819.0
793 1739130260791988508 1739130260791956351  32157    886.0
794 1739130260792989082 1739130260792956126  32956    799.0
795 1739130260793999490 1739130260793969300  30190   2766.0
796 1739130260794990975 1739130260794959082  31893   1703.0
797 1739130260795993152 1739130260795959108  34044   2151.0
798 1739130260796989865 1739130260796959118  30747   3297.0
799 1739130260797994631 1739130260797963363  31268    521.0
800 1739130260798991518 1739130260798959682  31836    568.0
801 1739130260799990337 1739130260799959125  31212    624.0
802 1739130260800991335 1739130260800959164  32171    959.0
803 1739130260801983907 1739130260801920490  63417  31246.0
804 1739130260802988108 1739130260802956560  31548  31869.0
805 1739130260803991034 1739130260803956573  34461   2913.0
806 1739130260804987531 1739130260804955959  31572   2889.0
807 1739130260806015363 1739130260805976493  38870   7298.0
808 1739130260806992306 1739130260806958364  33942   4928.0
809 1739130260807993367 1739130260807959372  33995     53.0
810 1739130260808996517 1739130260808963139  33378    617.0
811 1739130260809991032 1739130260809959293  31739   1639.0
812 1739130260811001416 1739130260810969632  31784     45.0
813 1739130260811989929 1739130260811958432  31497    287.0
814 1739130260812994785 1739130260812960408  34377   2880.0
815 1739130260813995864 1739130260813964137  31727   2650.0
816 1739130260814989476 1739130260814956523  32953   1226.0
817 1739130260815989094 1739130260815956754  32340    613.0
818 1739130260816988988 1739130260816956481  32507    167.0
819 1739130260817988843 1739130260817956478  32365    142.0
820 1739130260818983164 1739130260818918980  64184  31819.0
821 1739130260819991322 1739130260819958749  32573  31611.0
822 1739130260820989769 1739130260820959961  29808   2765.0
823 1739130260821992563 1739130260821959627  32936   3128.0
824 1739130260822989809 1739130260822959127  30682   2254.0
825 1739130260823987702 1739130260823957180  30522    160.0
826 1739130260824990542 1739130260824958234  32308   1786.0
827 1739130260825981420 1739130260825939958  41462   9154.0
828 1739130260826986561 1739130260826955767  30794  10668.0
829 1739130260827988303 1739130260827956163  32140   1346.0
830 1739130260828982178 1739130260828919327  62851  30711.0
831 1739130260829989990 1739130260829959174  30816  32035.0
832 1739130260830988103 1739130260830956780  31323    507.0
833 1739130260831988669 1739130260831957180  31489    166.0
834 1739130260832990075 1739130260832921251  68824  37335.0
835 1739130260833989233 1739130260833956835  32398  36426.0
836 1739130260834990251 1739130260834957226  33025    627.0
837 1739130260835988114 1739130260835956860  31254   1771.0
838 1739130260836988631 1739130260836956832  31799    545.0
839 1739130260837988644 1739130260837956621  32023    224.0
840 1739130260838987847 1739130260838956555  31292    731.0
841 1739130260839987445 1739130260839956238  31207     85.0
842 1739130260840989771 1739130260840956338  33433   2226.0
843 1739130260841987826 1739130260841956211  31615   1818.0
844 1739130260842994212 1739130260842956099  38113   6498.0
845 1739130260843988236 1739130260843956077  32159   5954.0
846 1739130260844986890 1739130260844955949  30941   1218.0
847 1739130260845986825 1739130260845955968  30857     84.0
848 1739130260846987539 1739130260846955897  31642    785.0
849 1739130260847987049 1739130260847955950  31099    543.0
850 1739130260848988644 1739130260848956298  32346   1247.0
851 1739130260849990424 1739130260849959026  31398    948.0
852 1739130260850988317 1739130260850956190  32127    729.0
853 1739130260851987827 1739130260851956390  31437    690.0
854 1739130260852987604 1739130260852956315  31289    148.0
855 1739130260853987443 1739130260853955991  31452    163.0
856 1739130260854997729 1739130260854967534  30195   1257.0
857 1739130260855990781 1739130260855959088  31693   1498.0
858 1739130260856991424 1739130260856958159  33265   1572.0
859 1739130260857996214 1739130260857961654  34560   1295.0
860 1739130260858990739 1739130260858957946  32793   1767.0
861 1739130260860013958 1739130260859983808  30150   2643.0
862 1739130260860981069 1739130260860917551  63518  33368.0
863 1739130260861990338 1739130260861956312  34026  29492.0
864 1739130260862989349 1739130260862956868  32481   1545.0
865 1739130260863990221 1739130260863956884  33337    856.0
866 1739130260864988197 1739130260864956341  31856   1481.0
867 1739130260865988865 1739130260865956301  32564    708.0
868 1739130260866988621 1739130260866956318  32303    261.0
869 1739130260867989618 1739130260867959142  30476   1827.0
870 1739130260868989026 1739130260868956902  32124   1648.0
871 1739130260869989158 1739130260869957127  32031     93.0
872 1739130260870985696 1739130260870956147  29549   2482.0
873 1739130260871986927 1739130260871956370  30557   1008.0
874 1739130260872986264 1739130260872956078  30186    371.0
875 1739130260873987689 1739130260873956162  31527   1341.0
876 1739130260874986588 1739130260874956225  30363   1164.0
877 1739130260875987278 1739130260875956615  30663    300.0
878 1739130260876986562 1739130260876956371  30191    472.0
879 1739130260877987695 1739130260877956167  31528   1337.0
880 1739130260878988033 1739130260878956287  31746    218.0
881 1739130260879987714 1739130260879956181  31533    213.0
882 1739130260880987385 1739130260880956221  31164    369.0
883 1739130260881989117 1739130260881956226  32891   1727.0
884 1739130260882986477 1739130260882956438  30039   2852.0
885 1739130260883988599 1739130260883956350  32249   2210.0
886 1739130260884996306 1739130260884958687  37619   5370.0
887 1739130260885987594 1739130260885956439  31155   6464.0
888 1739130260886989368 1739130260886957318  32050    895.0
889 1739130260887990894 1739130260887958711  32183    133.0
890 1739130260888987947 1739130260888957628  30319   1864.0
891 1739130260889987703 1739130260889956809  30894    575.0
892 1739130260890987109 1739130260890956042  31067    173.0
893 1739130260891987327 1739130260891956705  30622    445.0
894 1739130260892986558 1739130260892955638  30920    298.0
895 1739130260893988264 1739130260893955602  32662   1742.0
896 1739130260894987389 1739130260894956703  30686   1976.0
897 1739130260895986834 1739130260895956447  30387    299.0
898 1739130260896988309 1739130260896957030  31279    892.0
899 1739130260897985952 1739130260897956977  28975   2304.0
900 1739130260898985601 1739130260898956231  29370    395.0
901 1739130260899988099 1739130260899956601  31498   2128.0
902 1739130260900980576 1739130260900922964  57612  26114.0
903 1739130260901991793 1739130260901959785  32008  25604.0
904 1739130260902980348 1739130260902936742  43606  11598.0
905 1739130260903987371 1739130260903956217  31154  12452.0
906 1739130260904986660 1739130260904955845  30815    339.0
907 1739130260905988503 1739130260905957053  31450    635.0
908 1739130260906988952 1739130260906958940  30012   1438.0
909 1739130260907988232 1739130260907957013  31219   1207.0
910 1739130260908985517 1739130260908956025  29492   1727.0
911 1739130260909986545 1739130260909956171  30374    882.0
912 1739130260910988465 1739130260910955963  32502   2128.0
913 1739130260911990408 1739130260911956016  34392   1890.0
914 1739130260912986414 1739130260912955598  30816   3576.0
915 1739130260913985955 1739130260913955612  30343    473.0
916 1739130260914986556 1739130260914956332  30224    119.0
917 1739130260915986417 1739130260915956056  30361    137.0
918 1739130260916987957 1739130260916956175  31782   1421.0
919 1739130260917997933 1739130260917965209  32724    942.0
920 1739130260918978278 1739130260918945439  32839    115.0
921 1739130260919988189 1739130260919956555  31634   1205.0
922 1739130260920986680 1739130260920956281  30399   1235.0
923 1739130260921991326 1739130260921956564  34762   4363.0
924 1739130260922989906 1739130260922956468  33438   1324.0
925 1739130260924002840 1739130260923968119  34721   1283.0
926 1739130260924993097 1739130260924960225  32872   1849.0
927 1739130260925981627 1739130260925944117  37510   4638.0
928 1739130260927000440 1739130260926964157  36283   1227.0
929 1739130260927996546 1739130260927958025  38521   2238.0
930 1739130260928998051 1739130260928964467  33584   4937.0
931 1739130260929988293 1739130260929956541  31752   1832.0
932 1739130260930988765 1739130260930956601  32164    412.0
933 1739130260931987990 1739130260931956546  31444    720.0
934 1739130260932986788 1739130260932956217  30571    873.0
935 1739130260933985656 1739130260933956226  29430   1141.0
936 1739130260934990345 1739130260934957011  33334   3904.0
937 1739130260935989606 1739130260935956539  33067    267.0
938 1739130260936989052 1739130260936956824  32228    839.0
939 1739130260937988154 1739130260937957271  30883   1345.0
940 1739130260938989083 1739130260938957039  32044   1161.0
941 1739130260939986371 1739130260939956629  29742   2302.0
942 1739130260940986989 1739130260940956570  30419    677.0
943 1739130260941985151 1739130260941950480  34671   4252.0
944 1739130260942996269 1739130260942959618  36651   1980.0
945 1739130260944001572 1739130260943968258  33314   3337.0
946 1739130260945005871 1739130260944974590  31281   2033.0
947 1739130260945993135 1739130260945961878  31257     24.0
949 1739130260947992387 1739130260947957333  35054   3797.0
950 1739130260948992174 1739130260948958920  33254   1800.0
951 1739130260949991867 1739130260949960508  31359   1895.0
952 1739130260950989682 1739130260950957901  31781    422.0
953 1739130260951991173 1739130260951959416  31757     24.0
954 1739130260952989842 1739130260952958031  31811     54.0
955 1739130260953990830 1739130260953958028  32802    991.0
956 1739130260954990388 1739130260954958135  32253    549.0
957 1739130260955999338 1739130260955958247  41091   8838.0
958 1739130260956991709 1739130260956957015  34694   6397.0
959 1739130260957981891 1739130260957917553  64338  29644.0
960 1739130260958989442 1739130260958956797  32645  31693.0
961 1739130260959989644 1739130260959956914  32730     85.0
962 1739130260960987821 1739130260960956261  31560   1170.0
963 1739130260961989506 1739130260961956974  32532    972.0
964 1739130260962991001 1739130260962956586  34415   1883.0
965 1739130260963989871 1739130260963956401  33470    945.0
966 1739130260964988076 1739130260964956676  31400   2070.0
967 1739130260965988465 1739130260965956551  31914    514.0
968 1739130260966988322 1739130260966956266  32056    142.0
969 1739130260967988500 1739130260967957409  31091    965.0
970 1739130260968986935 1739130260968956424  30511    580.0
971 1739130260969988873 1739130260969956554  32319   1808.0
972 1739130260970989569 1739130260970956204  33365   1046.0
973 1739130260971988308 1739130260971956778  31530   1835.0
974 1739130260972989282 1739130260972956441  32841   1311.0
975 1739130260973990857 1739130260973957000  33857   1016.0
976 1739130260974991328 1739130260974956353  34975   1118.0
977 1739130260975990517 1739130260975956730  33787   1188.0
978 1739130260976990193 1739130260976956565  33628    159.0
979 1739130260977988258 1739130260977956178  32080   1548.0
980 1739130260978990946 1739130260978956919  34027   1947.0
981 1739130260979989081 1739130260979956292  32789   1238.0
982 1739130260980988494 1739130260980956644  31850    939.0
983 1739130260981988685 1739130260981956642  32043    193.0
984 1739130260982991229 1739130260982956899  34330   2287.0
985 1739130260983989307 1739130260983956429  32878   1452.0
986 1739130260984989468 1739130260984956218  33250    372.0
987 1739130260985989004 1739130260985956406  32598    652.0
988 1739130260986989707 1739130260986956458  33249    651.0
989 1739130260987992098 1739130260987956431  35667   2418.0
990 1739130260988990696 1739130260988956299  34397   1270.0
991 1739130260989988881 1739130260989956834  32047   2350.0
992 1739130260990988451 1739130260990956562  31889    158.0
993 1739130260991989181 1739130260991956452  32729    840.0
994 1739130260992988404 1739130260992956298  32106    623.0
995 1739130260993991010 1739130260993956291  34719   2613.0
996 1739130260994989105 1739130260994956415  32690   2029.0
997 1739130260995988362 1739130260995956414  31948    742.0
998 1739130260996988816 1739130260996956159  32657    709.0
999 1739130260997989102 1739130260997955890  33212    555.0